pattern_cols: 10
pattern_rows: 7
center_distance_mm: 40

R_gimbal2imubody: [1, 0, 0, 0, 1, 0,  0, 0, 1]

camera_name: "hikrobot"
exposure_ms: 3
gain: 10.0
vid_pid: "2bdf:0001"

#####-----cboard参数-----#####
quaternion_canid: 0x01
bullet_speed_canid: 0x110
send_canid: 0xff
can_interface: "can0"


#####-----gimbal参数-----#####
com_port: "/dev/gimbal"
serial_baudrate: 460800

camera_matrix: [1803.5807166443622, 0, 714.36549617588639, 0, 1803.5196318496401, 543.09061238278059, 0, 0, 1]
distort_coeffs: [-0.07846540997849713, 0.14069554386092417, -0.0011980103112869864, -9.2824995412960789e-05, 0]


# 相机同理想情况的偏角: yaw-179.40 pitch-3.31 roll0.46 degree
# 标定板到世界坐标系原点的水平距离: 1.31 m
# 标定板同竖直摆放时的偏角: yaw136.41 pitch4.02 roll1.37 degree
R_camera2gimbal: [0.011097798848134844, 0.057685529206429172, -0.99827311823012643, 0.99990598626690352, -0.0086806987438097713, 0.01061433450246937, -0.008053414700450302, -0.99829706259684725, -0.057776442623002904]
t_camera2gimbal: [-0.14031606889326304, 0.084205080012768357, 0.038998196768395242]

# handeyetest 程序所需参数
height: 0.34       # 虚拟平面(桌面)距离云台旋转中心的高度，单位:米
forward_distance: 2.0  # 虚拟平面(桌面)在世界坐标系前方的距离，单位:米
grid_num: 10
grid_size: 0.1
delay: 5

